100001 Toyota 2 0 2004 2 5
100002 Honda 1 0 2007 1 12
100003 Lotus 3 0 2005 6 21
100004 Tata 2 0 2004 2 5
100005 Maruti 1 0 2007 1 12
100006 Ferrari 3 0 2005 6 21
100007 Lamborghini 2 0 2004 2 5
100008 Koenigsegg 1 0 2007 1 12
100009 Aston_Martin 3 0 2005 6 21
100010 Porsche 2 0 2004 2 5
100011 BMW 1 0 2007 1 12
100012 Audi 3 0 2005 6 21
100013 Volkswagen 2 0 2004 2 5
100014 Chevrolet 1 0 2024 3 5
100015 Ford 3 0 2005 6 21
100016 Mitsubishi 2 0 2024 2 27
100017 Dodge 1 0 2007 1 12
100018 Mercedes 3 0 2005 6 21
